6 1 6 1 1 2 3 3 3 2 5 3 4 50
5 4 3 4 2 4 1 4 100
4 1 4 7 4 4 5 3 3 5 6 6 2 5 5 50
3 4 7 4 2 4 1 4 3 5 6 6 2 5 5 100
1 2 2 2 3 1 1 2 3 5 4 4 3 3 4 1 4 50
3 4 7 4 4 3 4 5 5 3 6 6 7 3 3 5 3 6 7 7 5 6 6 7 100
3 4 7 4 7 4 4 5 6 5 3 5 3 5 100
5 4 3 4 5 4 4 6 3 6 6 5 2 3 1 1 5 6 4 2 2 2 6 1 3 5 5 50
6 3 6 4 1 2 5 5 2 5 1 4 2 3 2 2 7 6 6 4 3 4 100
4 1 4 5 4 4 5 6 6 7 7 4 2 3 2 2 7 6 6 4 3 4 50
7 3 2 4 7 5 6 4 5 4 4 3 7 5 7 2 7 6 6 4 3 4 50
5 5 7 4 4 3 7 2 1 3 3 2 5 3 7 1 7 50
7 7 7 1 4 7 3 4 6 1 5 50
5 5 7 7 2 6 3 6 4 50
3 7 2 1 5 4 6 1 2 3 5 6 6 4 2 2 2 1 6 1 100
5 7 5 6 2 7 3 5 4 3 5 6 6 4 2 2 2 1 6 1 50
7 3 5 4 4 2 7 1 4 3 5 6 6 4 2 2 2 1 6 1 100
5 2 6 3 3 2 5 4 1 7 3 4 5 5 1 1 5 7 3 1 3 50
2 1 6 6 3 4 3 4 2 1 4 2 4 3 5 1 3 1 3 1 3 100
7 5 5 5 3 4 3 5 1 2 7 5 5 3 6 1 1 4 1 5 1 6 1 50
7 1 4 5 5 4 2 3 5 1 1 2 5 3 6 1 1 4 1 5 1 6 1 100
4 3 5 6 2 7 4 4 7 2 4 7 5 1 6 1 1 4 1 5 1 6 1 50
6 7 1 2 6 3 2 4 2 5 4 7 5 1 6 1 1 4 1 5 1 6 1 100
1 7 2 4 7 1 5 4 6 6 4 4 2 6 4 2 5 5 4 4 2 3 6 2 3 6 3 1 5 50
5 4 4 3 4 3 4 4 3 2 1 2 3 2 2 50
4 4 5 3 7 6 3 6 5 1 5 5 4 3 6 7 7 50
3 4 6 5 5 4 5 4 4 5 3 3 2 2 1 7 3 7 2 6 3 4 6 6 7 7 6 5 7 2 100
2 3 4 3 2 3 3 4 1 5 1 2 2 4 1 1 1 6 1 5 5 7 6 6 7 6 7 5 6 3 3 4 4 7 100
4 4 5 3 6 7 5 7 5 5 3 6 3 5 3 3 7 4 7 3 7 6 7 6 7 6 7 5 6 3 3 4 4 7 50
4 5 1 3 4 3 7 3 3 4 3 5 3 3 5 6 4 6 2 6 6 5 6 4 7 7 7 2 7 3 3 4 4 7 50
4 1 4 4 5 3 3 5 3 6 3 3 2 3 2 1 2 1 2 6 6 5 6 4 7 7 7 2 7 3 3 4 4 7 50
3 4 2 4 4 5 6 5 5 6 3 7 5 50
7 4 5 4 2 4 4 5 1 6 1 6 7 3 3 5 2 3 2 6 100
5 4 1 4 3 4 4 5 5 3 5 2 2 6 3 50
3 2 4 3 5 6 4 7 4 4 5 5 6 7 6 4 7 7 3 3 5 2 1 1 2 2 1 50
2 3 1 4 6 5 2 5 6 5 5 4 3 4 4 3 2 6 3 3 5 2 1 1 2 2 1 100
4 7 3 2 5 6 4 7 4 4 5 6 5 5 3 2 3 3 2 3 5 2 1 1 2 2 1 50
5 4 7 4 4 5 4 5 3 3 3 5 5 6 6 6 7 7 7 6 7 4 4 3 3 1 7 6 6 50
4 7 6 6 5 5 3 50
1 4 7 3 1 2 5 1 1 3 5 2 5 2 5 50
7 4 1 6 4 4 4 6 5 1 2 4 6 6 3 6 6 1 7 7 5 6 1 3 7 3 7 5 4 7 2 2 100
5 1 7 6 3 4 1 5 3 7 7 3 7 6 4 3 4 2 2 7 5 6 1 3 7 3 7 5 4 7 2 2 50
2 2 1 4 7 7 3 6 3 2 1 3 5 1 3 2 3 2 2 7 5 6 1 3 7 3 7 5 4 7 2 2 100
4 6 5 4 2 3 7 3 4 1 5 4 4 4 2 6 7 2 2 2 4 7 3 2 2 1 3 3 5 3 5 2 50
1 1 7 1 5 3 4 6 4 7 3 1 6 1 2 6 7 2 2 2 4 7 3 2 2 1 3 3 5 3 5 2 100
1 2 5 6 3 3 1 4 5 4 6 2 2 4 4 4 4 3 3 4 1 7 1 2 2 1 3 3 5 3 5 2 50
1 4 1 3 2 5 4 6 5 4 6 2 2 4 4 4 4 3 3 4 1 7 1 2 2 1 3 3 5 3 5 2 100
5 3 2 4 1 3 5 2 5 4 5 2 2 4 4 4 4 3 3 4 1 7 1 2 2 1 3 3 5 3 5 2 50
1 5 2 2 7 4 1 3 6 7 5 4 4 4 3 7 2 4 2 3 6 5 1 1 5 1 3 3 5 3 5 2 50
5 3 4 5 7 1 6 3 6 7 5 4 4 4 3 7 2 4 2 3 6 5 1 1 5 1 3 3 5 3 5 2 50
3 6 5 5 3 7 7 5 2 4 3 3 5 5 1 3 2 7 1 4 7 4 6 3 7 3 3 3 5 3 5 2 100
6 5 5 6 2 2 4 2 4 4 2 1 4 5 1 7 2 7 2 5 2 4 6 3 7 3 3 3 5 3 5 2 50
5 7 7 3 2 3 4 7 6 7 4 5 6 5 7 5 4 5 2 5 2 4 6 3 7 3 3 3 5 3 5 2 100
7 5 3 7 4 6 3 7 7 3 7 1 4 5 3 3 4 2 4 5 2 4 6 3 7 3 3 3 5 3 5 2 50
4 4 5 4 1 1 2 3 4 2 2 3 4 5 3 3 4 2 4 5 2 4 6 3 7 3 3 3 5 3 5 2 100
2 7 6 7 4 1 7 2 2 4 1 1 7 2 7 2 7 2 4 5 2 4 6 3 7 3 3 3 5 3 5 2 50
5 5 6 1 4 3 2 7 3 6 5 4 6 7 7 2 7 2 4 5 2 4 6 3 7 3 3 3 5 3 5 2 100
3 3 5 1 5 2 6 2 4 6 5 4 6 7 7 2 7 2 4 5 2 4 6 3 7 3 3 3 5 3 5 2 50
5 4 7 1 3 6 4 2 6 6 3 5 1 2 2 6 4 7 6 5 5 4 6 3 7 3 3 3 5 3 5 2 50
5 2 5 1 1 2 6 6 5 5 2 5 3 6 4 6 4 7 6 5 5 4 6 3 7 3 3 3 5 3 5 2 50
3 4 7 3 6 5 4 3 3 7 6 6 3 3 3 5 5 6 5 6 7 6 6 3 7 3 3 3 5 3 5 2 100
3 7 5 1 6 3 4 3 3 7 6 6 3 3 3 5 5 6 5 6 7 6 6 3 7 3 3 3 5 3 5 2 50
4 4 7 3 6 5 3 6 4 7 7 5 3 3 3 5 5 6 5 6 7 6 6 3 7 3 3 3 5 3 5 2 100
7 2 2 1 5 2 5 6 7 2 5 5 5 3 4 4 2 5 4 3 2 1 7 5 7 3 3 3 5 3 5 2 50
3 5 6 4 4 2 5 2 5 3 5 5 3 4 6 4 2 4 4 4 2 6 7 6 7 3 3 3 5 3 5 2 50
2 3 3 3 2 6 1 2 4 5 7 4 4 1 7 3 6 5 1 3 3 4 4 7 7 5 5 3 5 3 5 2 50
7 3 4 7 2 6 1 4 2 1 3 2 3 4 3 3 3 4 6 4 3 4 4 7 7 5 5 3 5 3 5 2 100
1 3 2 1 2 3 3 2 5 4 7 7 7 7 3 2 4 1 5 6 1 5 3 6 3 5 5 3 5 3 5 2 50
1 5 1 7 1 1 2 3 4 5 1 5 6 5 3 2 4 1 5 6 1 5 3 6 3 5 5 3 5 3 5 2 100
5 3 2 6 4 3 4 3 3 7 2 7 1 3 1 2 1 3 1 6 1 5 3 6 3 5 5 3 5 3 5 2 50
6 1 7 3 4 5 4 4 5 4 5 2 4 2 7 6 7 7 6 5 3 6 3 6 3 5 5 3 5 3 5 2 100
4 7 7 7 1 6 3 4 2 4 5 2 4 2 7 6 7 7 6 5 3 6 3 6 3 5 5 3 5 3 5 2 50
3 6 1 5 1 4 6 7 2 4 5 2 4 2 7 6 7 7 6 5 3 6 3 6 3 5 5 3 5 3 5 2 100
5 4 1 7 7 1 3 3 2 6 6 7 4 4 5 6 7 7 6 5 3 6 3 6 3 5 5 3 5 3 5 2 50
5 5 5 7 5 4 4 3 6 2 7 1 4 4 5 6 7 7 6 5 3 6 3 6 3 5 5 3 5 3 5 2 100
5 7 2 3 2 1 2 1 2 2 7 1 4 4 5 6 7 7 6 5 3 6 3 6 3 5 5 3 5 3 5 2 50
4 6 7 3 5 7 4 1 6 6 2 7 1 7 7 5 6 1 5 4 1 6 1 7 5 5 3 5 2 50
1 1 7 5 2 5 7 6 3 4 4 2 4 3 7 7 2 3 7 4 3 3 7 4 4 4 2 2 6 2 5 6 100
3 6 7 5 5 2 4 4 1 1 7 1 7 7 4 6 2 5 3 1 1 2 3 6 3 4 2 2 6 2 5 6 50
3 6 7 7 1 5 6 4 1 3 1 1 1 5 2 2 6 2 1 4 1 2 3 6 3 4 2 2 6 2 5 6 100
6 3 3 7 6 1 6 7 6 50
4 6 3 2 5 6 4 3 4 4 5 4 1 2 6 1 1 3 4 1 1 4 6 5 6 7 100
1 6 7 7 5 1 7 5 2 7 6 4 6 4 7 7 5 5 4 1 1 4 6 5 6 7 50
4 6 4 5 7 2 6 7 1 5 6 6 7 4 1 2 2 4 2 3 1 1 5 4 3 4 100
3 3 5 5 6 4 7 2 3 5 5 7 2 4 6 1 5 7 1 4 4 1 5 4 3 4 50
6 2 4 3 7 1 2 5 1 5 7 5 1 5 6 1 5 7 1 4 4 1 5 4 3 4 100
1 7 7 4 4 4 5 4 2 6 7 1 7 7 7 5 3 1 2 3 1 1 4 4 3 2 1 2 3 6 3 7 3 50
5 5 3 1 6 4 5 5 6 7 4 7 2 6 4 6 3 4 5 6 7 6 4 4 3 2 1 2 3 6 3 7 3 100
2 3 3 5 1 1 2 5 6 5 5 6 3 4 4 5 4 4 5 6 7 6 4 4 3 2 1 2 3 6 3 7 3 50
3 2 3 1 3 3 7 4 7 5 7 6 4 7 1 2 7 3 7 7 4 1 4 4 6 5 5 2 5 2 3 7 3 100
3 6 4 3 4 5 4 4 2 4 1 6 4 7 1 2 7 3 7 7 4 1 4 4 6 5 5 2 5 2 3 7 3 50
6 1 5 2 1 3 7 4 2 4 1 6 4 7 1 2 7 3 7 7 4 1 4 4 6 5 5 2 5 2 3 7 3 100
3 3 5 6 6 6 6 5 2 5 4 6 4 7 1 2 7 3 7 7 4 1 4 4 6 5 5 2 5 2 3 7 3 50
1 7 1 4 7 4 3 5 2 6 4 6 4 7 1 2 7 3 7 7 4 1 4 4 6 5 5 2 5 2 3 7 3 100
7 2 3 3 6 1 5 3 4 6 4 6 4 7 1 2 7 3 7 7 4 1 4 4 6 5 5 2 5 2 3 7 3 50
1 5 5 3 5 6 1 4 4 6 4 6 4 7 1 2 7 3 7 7 4 1 4 4 6 5 5 2 5 2 3 7 3 100
4 4 5 6 3 3 2 4 4 6 4 6 4 7 1 2 7 3 7 7 4 1 4 4 6 5 5 2 5 2 3 7 3 50
2 4 3 3 4 1 4 4 3 2 5 1 5 5 2 1 2 3 7 7 4 1 4 4 6 5 5 2 5 2 3 7 3 50
2 6 3 2 5 7 4 4 3 2 5 1 5 5 2 1 2 3 7 7 4 1 4 4 6 5 5 2 5 2 3 7 3 50
4 6 7 1 5 6 1 2 7 3 7 7 6 7 5 6 7 1 2 5 2 4 4 4 6 5 5 2 5 2 3 7 3 100
2 6 6 4 5 3 6 7 2 1 2 7 2 7 5 6 7 1 2 5 2 4 4 4 6 5 5 2 5 2 3 7 3 50
3 6 3 4 1 7 2 5 2 1 2 7 2 7 5 6 7 1 2 5 2 4 4 4 6 5 5 2 5 2 3 7 3 100
4 7 1 2 5 2 7 5 6 5 3 7 2 7 5 6 7 1 2 5 2 4 4 4 6 5 5 2 5 2 3 7 3 50
5 5 7 7 3 4 6 7 6 5 1 7 5 7 5 6 7 1 2 5 2 4 4 4 6 5 5 2 5 2 3 7 3 100
4 1 2 6 3 6 5 7 6 5 1 7 5 7 5 6 7 1 2 5 2 4 4 4 6 5 5 2 5 2 3 7 3 50
6 5 2 1 7 4 4 3 5 4 7 6 3 2 7 7 2 2 7 2 5 7 7 3 6 4 5 2 5 2 3 7 3 100
4 5 6 3 7 2 5 1 2 4 3 4 5 1 2 4 4 4 5 1 5 7 7 3 6 4 5 2 5 2 3 7 3 50
4 1 6 7 2 1 3 5 4 7 3 1 1 3 5 2 7 2 6 1 5 7 7 3 6 4 5 2 5 2 3 7 3 50
5 5 1 4 6 4 5 5 3 1 3 4 4 7 7 4 3 7 3 1 5 7 7 3 6 4 5 2 5 2 3 7 3 50
3 3 1 3 5 6 3 5 3 4 2 7 6 7 3 3 3 6 6 2 6 1 7 4 6 4 5 2 5 2 3 7 3 100
7 1 3 1 2 6 5 2 4 4 2 7 6 7 3 3 3 6 6 2 6 1 7 4 6 4 5 2 5 2 3 7 3 50
2 7 4 5 5 4 7 6 5 3 5 5 5 5 7 3 4 2 5 4 7 3 1 1 6 4 5 2 5 2 3 7 3 100
2 2 2 1 5 1 4 5 3 3 5 5 5 5 7 3 4 2 5 4 7 3 1 1 6 4 5 2 5 2 3 7 3 50
6 6 7 3 6 6 7 4 5 2 6 1 5 5 7 3 4 2 5 4 7 3 1 1 6 4 5 2 5 2 3 7 3 100
4 1 3 2 4 2 1 7 1 3 7 1 7 3 7 3 7 2 5 4 7 3 1 1 6 4 5 2 5 2 3 7 3 50
1 4 7 6 5 7 3 7 4 7 2 7 7 3 7 3 7 2 5 4 7 3 1 1 6 4 5 2 5 2 3 7 3 100
2 2 1 2 1 2 2 1 4 3 6 6 1 3 4 6 2 4 3 3 7 6 5 1 6 4 5 2 5 2 3 7 3 50
2 6 6 5 7 4 5 3 4 3 6 6 1 3 4 6 2 4 3 3 7 6 5 1 6 4 5 2 5 2 3 7 3 100
5 4 6 2 2 1 3 5 2 3 6 6 6 1 4 2 5 4 3 3 7 6 5 1 6 4 5 2 5 2 3 7 3 50
7 3 5 6 1 2 3 4 2 3 5 4 3 4 7 2 7 4 3 3 7 6 5 1 6 4 5 2 5 2 3 7 3 100
5 2 6 2 4 4 3 4 2 3 5 4 3 4 7 2 7 4 3 3 7 6 5 1 6 4 5 2 5 2 3 7 3 50
5 2 1 2 3 4 5 3 2 1 4 2 4 2 3 1 3 2 1 2 7 6 5 1 6 4 5 2 5 2 3 7 3 100
1 5 7 2 3 5 2 4 6 6 5 2 2 5 7 1 7 5 7 2 7 6 5 1 6 4 5 2 5 2 3 7 3 50
6 7 2 7 7 3 6 4 3 5 7 7 6 6 7 4 5 5 7 2 7 6 5 1 6 4 5 2 5 2 3 7 3 100
1 4 7 2 7 3 5 7 3 1 4 7 1 4 4 1 1 6 1 6 3 1 2 1 5 4 5 2 5 2 3 7 3 50
4 6 4 6 4 4 4 7 3 5 6 3 5 5 4 7 6 4 5 4 5 7 7 1 5 4 5 2 5 2 3 7 3 50
1 3 6 7 3 6 5 2 1 7 2 1 5 6 7 2 3 4 4 4 5 7 7 1 5 4 5 2 5 2 3 7 3 50
3 6 2 4 4 3 7 1 4 4 6 3 5 2 5 1 3 7 6 3 4 1 7 1 5 4 5 2 5 2 3 7 3 100
4 3 1 2 2 1 7 4 4 3 6 3 5 2 5 1 3 7 6 3 4 1 7 1 5 4 5 2 5 2 3 7 3 50
4 1 2 3 3 6 7 2 4 7 7 1 7 4 3 1 6 1 6 3 4 1 7 1 5 4 5 2 5 2 3 7 3 100
5 6 4 6 7 6 6 1 6 7 6 4 6 4 3 1 6 1 6 3 4 1 7 1 5 4 5 2 5 2 3 7 3 50
7 2 7 3 1 4 3 5 6 7 6 4 6 4 3 1 6 1 6 3 4 1 7 1 5 4 5 2 5 2 3 7 3 100
2 7 1 6 2 1 2 5 2 7 6 4 6 4 3 1 6 1 6 3 4 1 7 1 5 4 5 2 5 2 3 7 3 50
3 3 2 3 6 2 4 4 5 7 6 4 6 4 3 1 6 1 6 3 4 1 7 1 5 4 5 2 5 2 3 7 3 50
5 2 6 5 1 2 4 3 7 7 6 4 6 4 3 1 6 1 6 3 4 1 7 1 5 4 5 2 5 2 3 7 3 50
4 3 1 1 5 3 5 7 4 7 6 4 3 5 3 5 3 2 6 3 4 1 7 1 5 4 5 2 5 2 3 7 3 100
5 5 1 3 2 7 3 2 7 4 3 3 7 2 5 3 6 2 2 4 1 7 6 3 3 6 5 2 5 2 3 7 3 100
7 4 4 4 3 6 1 3 7 2 6 2 1 6 2 6 3 5 1 1 6 5 3 5 2 5 5 2 5 2 3 7 3 100
2 2 3 6 7 1 5 6 4 50
4 2 4 3 2 1 5 1 2 7 5 3 7 2 3 6 1 4 3 6 3 3 1 3 4 6 5 5 100
2 1 4 1 1 6 3 7 5 7 5 3 7 2 3 6 1 4 3 6 3 3 1 3 4 6 5 5 50
3 2 4 6 2 1 3 6 6 4 3 3 3 7 4 5 3 5 2 7 3 3 1 3 4 6 5 5 100
1 2 2 1 5 6 1 4 4 5 1 7 4 1 7 6 4 4 3 4 2 1 5 5 2 5 2 5 50
7 4 7 3 2 5 3 6 4 5 1 7 4 1 7 6 4 4 3 4 2 1 5 5 2 5 2 5 100
1 5 7 6 5 3 4 4 1 2 7 6 2 7 6 2 7 4 3 4 2 1 5 5 2 5 2 5 50
2 1 1 7 7 3 4 1 1 7 5 2 7 5 3 2 4 3 7 4 2 1 5 5 2 5 2 5 100
7 4 5 3 3 3 7 3 4 1 2 3 3 1 6 6 7 2 7 4 2 1 5 5 2 5 2 5 50
5 7 2 5 7 5 4 3 2 3 7 6 7 7 3 7 5 3 5 2 2 4 2 4 1 6 2 5 100
6 7 6 5 2 4 2 3 1 2 2 6 6 7 3 3 3 2 6 7 7 1 5 7 4 6 2 5 50
4 4 3 1 3 2 4 7 6 5 1 1 7 5 1 6 7 5 6 5 7 1 5 7 4 6 2 5 100
4 6 5 3 7 1 3 4 1 7 2 5 6 6 2 6 5 1 3 2 5 1 4 7 4 6 2 5 50
6 2 3 2 5 4 6 3 3 4 2 5 6 6 2 6 5 1 3 2 5 1 4 7 4 6 2 5 100
3 1 5 4 1 1 4 6 6 6 1 2 5 2 3 6 5 1 3 2 5 1 4 7 4 6 2 5 50
6 6 2 7 7 1 4 7 1 6 4 6 1 6 3 6 5 1 3 2 5 1 4 7 4 6 2 5 100
7 6 4 1 5 4 3 4 2 6 4 6 1 6 3 6 5 1 3 2 5 1 4 7 4 6 2 5 50
2 4 5 2 3 3 1 1 1 4 4 6 1 6 3 6 5 1 3 2 5 1 4 7 4 6 2 5 100
1 3 5 4 5 4 5 5 6 4 4 6 2 3 6 2 1 6 6 2 2 3 1 3 100
2 2 3 4 3 3 4 4 5 2 6 6 7 3 1 4 7 2 1 1 2 3 1 3 100
6 3 5 4 4 5 2 6 4 5 3 5 5 6 4 3 4 2 1 1 2 3 1 3 50
4 5 2 3 7 5 7 5 5 6 5 6 2 4 3 4 4 3 2 6 100
4 5 3 1 2 6 4 7 4 4 5 4 4 2 3 3 4 3 2 6 100
3 4 6 5 3 4 5 4 4 3 1 2 7 2 3 2 2 5 100
4 6 5 3 3 3 4 1 5 6 6 1 7 5 7 6 7 7 4 5 4 50
4 5 1 5 6 5 5 6 7 6 4 6 6 4 7 7 100
4 6 4 3 4 4 5 1 5 2 3 2 6 4 7 7 50
2 3 1 4 3 4 5 4 4 5 6 6 7 7 100
4 1 3 6 5 2 5 1 5 5 4 6 3 2 4 4 3 3 2 50
1 3 7 4 4 5 2 6 5 5 4 6 3 2 4 4 3 3 2 100
3 3 4 2 5 6 4 6 5 4 5 5 3 2 4 4 3 3 2 100
2 4 4 5 1 6 3 7 100
2 4 1 2 4 5 5 3 6 6 3 2 4 2 2 5 5 50
4 3 5 3 2 3 3 6 4 4 4 2 3 2 2 1 5 1 1 1 5 5 6 50
